,amazed-suprised,happy-pleased,relaxing-calm,quiet-still,sad-lonely,angry-aggresive
amazed-suprised,1.0,0.1978798586572438,0.030660377358490566,0.0,0.030211480362537766,0.34074074074074073
happy-pleased,0.1978798586572438,1.0,0.26843657817109146,0.02280130293159609,0.003003003003003003,0.03498542274052478
relaxing-calm,0.030660377358490566,0.26843657817109146,1.0,0.33766233766233766,0.2818991097922849,0.01569506726457399
quiet-still,0.0,0.02280130293159609,0.33766233766233766,1.0,0.4976303317535545,0.005970149253731343
sad-lonely,0.030211480362537766,0.003003003003003003,0.2818991097922849,0.4976303317535545,1.0,0.05934718100890208
angry-aggresive,0.34074074074074073,0.03498542274052478,0.01569506726457399,0.005970149253731343,0.05934718100890208,1.0
